z x z
0.5853190006454891 0.05283916526075028 0.0
0.9366122598712667 0.27744921687834795 0.0
1.6216959458901956 0.5423183145261288 0.0
2.6731464374780387 0.835852567927161 3.141592653589793
1.6529426638302822 1.4196184572152362 0.0
0.8216116222507227 1.1871091555231739 0.0
-2.4256726220662332 0.5210345626376969 0.0
2.4561203016498134 1.7022580320395955 0.0
1.9225196447552384 1.2483343664517923 3.141592653589793
2.4174842635471645 0.3357047902486901 0.0
0.1798568812098441 0.09168671475215089 3.141592653589793
-2.0995278654808702 0.052677294654897344 0.0
-1.248940575753446 0.7540634804234303 0.0
2.767742389429705 1.2732304080402677 0.0
1.8041557785506008 0.5020485673474199 0.0
-1.989465975934457 0.4109261029797269 0.0
-0.8371323295823672 0.4272051491006268 0.0
2.1638233035627445 0.844510507579514 3.141592653589793
-2.875199420807983 0.8125050639672046 0.0
1.656247420222612 0.7213717294306291 3.141592653589793
2.2235950910508957 0.6491981492786494 3.141592653589793
-2.542569855794035 0.9483025272855501 0.0
-1.0573064521613211 0.13531849156339668 3.141592653589793
-1.5270414153140106 0.022508803326089254 0.0
3.010219967488324 0.8481945313123268 0.0
-1.723192161881215 0.14269507080713784 3.141592653589793
2.925860587951954 0.3857886242742337 0.0
1.025230904071611 0.2031821849086631 0.0
-1.1579294855888018 0.15890032454191258 0.0
1.4502815672224214 0.2635853319922613 3.141592653589793
1.8039781866027536 0.14567966293999307 3.141592653589793
-0.6765432985876094 0.6254603197416605 3.141592653589793
-0.3003834529787766 0.36753315833735095 0.0
-0.2714160539647773 0.7334427067971212 3.141592653589793
0.2037293351523856 0.8829260921951422 0.0
0.1994558988962586 0.06439583615759663 3.141592653589793
0.21813293098852177 0.11116373914533191 0.0
-1.8915682128491833 0.07143962433116664 0.0
-2.523719009982639 1.0080070528590124 3.141592653589793
-1.852683180161919 1.3153794386253113 0.0
-0.13029288297970293 1.8298295042403816 0.0
-2.6229921095835476 0.126491843675493 3.141592653589793
-3.1131038146430106 0.05215514898248626 0.0
-1.0581189033460123 0.47697009937206797 3.141592653589793
2.284808503552404 0.2721227218721273 0.0
0.3836298883678747 0.003958833275710961 3.141592653589793
0.8436448701137172 0.060238820323089144 0.0
-2.084424757620613 1.464447833764832 3.141592653589793
0.29476718613749464 0.70685825059011 0.0
-2.5831771358599 0.6501375085996727 3.141592653589793
-1.8228449850700268 0.34553618699716976 0.0
-2.998330288618662 1.0285303636350411 0.0
-2.1107008643772573 0.6640520434801093 0.0
1.3354970960111783 1.1696703713706504 0.0
-0.6758036109025214 0.7186313328150656 3.141592653589793
-1.013254910444998 0.0072878968806385286 3.141592653589793
2.8457994283548307 0.35157144200266754 0.0
-2.996724196534727 0.7841006134873014 0.0
0.904855544544286 0.714294532670814 0.0
-1.1240515150753934 0.6216201865664978 3.141592653589793
2.92110032133698 0.6414582276507182 3.141592653589793
0.08687667242683961 0.6220080639923972 3.141592653589793
-1.8153653625672974 0.9306572105650343 0.0
-2.9400043918268017 0.40570015482394606 0.0
-0.7671384695742895 1.2121226051118295 3.141592653589793
1.7969719455464086 0.699273319831818 0.0
0.556853158916614 0.5798319961773131 3.141592653589793
3.139592472186694 0.14169537716241076 0.0
-2.144653420111032 0.7959520379180861 3.141592653589793
0.14952602883401173 0.4936431395147368 0.0
-2.463451451475557 0.46470952165968343 0.0
2.9374735024568763 0.5232260786937069 0.0
0.08437277921183184 0.929049729585205 0.0
-1.0736104096379664 0.7689252300095165 0.0
-0.016294025601137137 0.7788013555163579 3.141592653589793
-1.5184940417085822 0.5424359908848523 0.0
-2.9697664156613484 0.8253501633167458 0.0
-1.7024444525869111 0.33758674827652285 0.0
1.8521801586259112 0.6753307523668423 0.0
-2.0767208968275637 0.6042284289600027 0.0
-2.3801039548522285 0.1681554816858014 3.141592653589793
-0.8243578711215446 0.6318289851201478 0.0
1.6722576175208124 1.1903766412555297 3.141592653589793
-2.4705537641955644 0.8153528731735671 0.0
1.320893931477351 0.06730547242291818 3.141592653589793
-3.135765733652732 0.5120627386846991 3.141592653589793
1.600313283009045 0.13269367702770374 3.141592653589793
-3.0210712302339835 0.9147007106408517 0.0
2.174633226810182 0.34105784327504673 0.0
3.063027787432239 0.14939488964067224 3.141592653589793
2.4804143297040624 0.1550954420851681 0.0
-0.8709967924554822 0.44786423796133784 3.141592653589793
1.429645214375215 0.6034520925407472 0.0
1.697013616287495 0.553215712731299 3.141592653589793
1.2143908519113191 0.07648716788952 0.0
-1.6880121582684686 0.01680558693235165 0.0
-0.3552687668525425 0.3884727697646964 0.0
2.450187845039944 1.0639766111616864 0.0
-1.5167408099462567 0.307506330936824 0.0
1.3646521073169613 0.3833946165838025 0.0
-2.3146660676579542 0.7623332144505313 0.0
-2.4032500647775032 0.5451914123009823 0.0
2.2396195766570495 0.351398969850135 0.0
0.5259959712019064 1.2429026028713581 0.0
-0.6850441208397398 0.15182855482929758 0.0
-2.329506317238101 0.6689275542273198 3.141592653589793
1.387999046237404 0.15162462152291029 3.141592653589793
-1.0888472132085347 0.48104997072471756 3.141592653589793
-3.045239126236929 0.02862555096131621 0.0
0.4273548257358544 0.48807097928450144 0.0
-2.0166590681188885 0.3332239517165878 0.0
0.5331703259604682 0.4889265382466437 3.141592653589793
0.7088727499092226 0.6176293600883618 0.0
-0.2521259434477676 0.5169546156106025 0.0
1.8096331675857993 1.567161699116282 3.141592653589793
-0.03251607893822215 0.8479206527615903 0.0
2.6366675155779586 0.5173437499947711 3.141592653589793
0.38661381860780186 0.39472736515172296 3.141592653589793
1.1829000452466356 0.36109576697489637 3.141592653589793
1.9931681055290043 0.08913810651873216 3.141592653589793
-2.1546115429628516 0.4831963931483178 0.0
0.6728903819755311 0.19466864645398577 0.0
3.0869494115051253 1.1097396665750991 0.0
0.7719604701303954 0.13768611426145613 3.141592653589793
-0.023650565259337574 0.5422520756063467 3.141592653589793
-3.081121952887618 1.1849779444111115 0.0
-1.3775468590478261 0.817285053915714 3.141592653589793
1.3611073678732792 0.7447642732123699 3.141592653589793
2.7798064879737834 0.07685535385389447 0.0
2.9542307832610772 0.453555262179173 3.141592653589793
1.2533445804138932 0.019780271479304487 0.0
2.725212252579307 0.5991904979760575 3.141592653589793
-1.5231741420140439 0.25857489784899124 3.141592653589793
1.6748260586504469 1.6405218279999436 0.0
-2.103675108100308 0.15317511904273884 0.0
-0.5879891473800981 0.05659367066034117 3.141592653589793
0.338589716863147 0.15425621769550496 3.141592653589793
0.16142911474980276 0.03916410199572319 0.0
1.4689418780498393 0.6491355389288233 0.0
1.0794699756449468 1.2837386113962466 0.0
0.24327327468223384 0.5980504228753792 3.141592653589793
1.258088792679903 0.4079392903645392 0.0
-1.8599634706637245 0.9358184955321758 3.141592653589793
-2.2470506137381125 0.3377488642433413 0.0
-0.055646763385672704 0.21703839441027387 0.0
1.0446128858780797 0.6135431393001796 3.141592653589793
1.6576013840346586 3.15461348227816e-05 0.0
-0.4091134795677387 0.3897904821319746 0.0
2.198178787267865 0.540690564078 3.141592653589793
-0.5417345816241771 2.077587781656489 0.0
-1.615666685059091 0.5014367440648141 3.141592653589793
-1.0360225700468901 0.4819014260330161 0.0
-2.6099276207337763 1.1816378930596474 0.0
-2.9243320088168425 1.5908055705619155 0.0
-1.8242139580705532 0.1696289477429471 0.0
1.4472312390840962 0.3654232691639525 0.0
-1.9330032075288281 0.8077338439333436 0.0
1.818539662097345 0.7910645507225572 3.141592653589793
-0.13539785417656694 1.4497854058803925 3.141592653589793
0.3215846594717386 0.8225311969602753 3.141592653589793
-2.2258204439598135 1.4707817816998863 0.0
-3.012508108334447 0.6406299499560276 0.0
0.5543704300711114 0.3172094324366924 3.141592653589793
1.6868099424714091 1.1485252022538879 3.141592653589793
-2.898491550978752 0.4993946278616867 3.141592653589793
-0.37135608678788684 0.4349477153262458 3.141592653589793
-1.8466545078643655 0.770041963324838 3.141592653589793
-0.7733241199974838 0.6810592512041963 0.0
-0.10959981139539139 0.05551140198457927 0.0
-1.640719380927687 1.6026636437283668 3.141592653589793
-2.877618395741997 0.45332342964687344 0.0
2.207685876937649 0.1600280020455145 3.141592653589793
2.339744894126359 0.4056705983778078 0.0
-1.2049566352038044 0.01881074631958456 0.0
-0.5349480309379061 0.4056371831625193 3.141592653589793
1.911094075139531 0.48315490399005423 0.0
-1.245689444668779 0.3093801313984099 0.0
-2.557589460408695 0.8585245363271902 3.141592653589793
-2.765441537493673 0.24734407558011534 0.0
-1.8257595612935316 0.8280138893143729 0.0
-1.8514905674838875 0.9311578819458491 3.141592653589793
0.9562750735590434 0.5052329593925 0.0
-1.932518259280863 0.36428513859545464 0.0
-2.2275181562701225 0.13315592661640932 3.141592653589793
-1.3112246992139167 0.5495286183712432 0.0
-2.2882146967942703 0.008424715631721428 3.141592653589793
-1.1284508453203501 1.5333321029733553 3.141592653589793
0.7684452057060687 1.0671522915860812 0.0
2.7048389220314513 0.27770517506014863 0.0
2.9844461758447767 1.0712520832070773 3.141592653589793
1.4254784109478773 1.048969358272089 3.141592653589793
2.831354614806143 0.876126482167734 3.141592653589793
-0.3159808744798066 0.8032096443501548 3.141592653589793
-1.221585159513178 1.399622837350534 3.141592653589793
-0.13573779591952334 0.2454251150360328 3.141592653589793
0.09525553334834695 0.5744068834352691 0.0
-1.4657946720214168 0.32470042307600466 3.141592653589793
2.9130636128135565 0.45561755887697925 0.0
2.0478146552445957 0.053748978984606496 3.141592653589793
1.7038008169369772 0.5117931143798019 0.0
