z x z
-0.959551554399186 0.7742773983187945 3.141592653589793
0.7579207809287993 0.08911276659147412 0.0
-2.9132168330046513 3.112856903596229 3.141592653589793
0.526775165090413 2.1351585695430444 3.141592653589793
-1.8818262929464533 0.500707081302787 0.0
2.3371404279193304 2.0729523331057287 0.0
-0.5231180277755755 0.7126135116937343 3.141592653589793
-2.233480871297905 1.0374252679440237 0.0
-1.9074578061302239 0.4795803358647939 3.141592653589793
-2.885779386980768 0.3057454329544965 3.141592653589793
2.6860504182810057 1.8217492377406266 0.0
-2.959084849233752 0.07227650448667293 3.141592653589793
-0.7121042931501832 0.1908314297193604 0.0
0.991552645882726 1.9635273119742627 0.0
-0.6433289457730156 0.05671744728653823 3.141592653589793
2.999423778495297 1.429966477715847 0.0
1.970413699630863 0.8717391658074475 3.141592653589793
1.8230352223050903 0.5385855210321321 3.141592653589793
-2.0888681173501324 1.6241511887382605 0.0
0.5332670334199663 1.0875807517463583 0.0
-3.0963771863479477 2.1059661576454616 0.0
1.103819233980099 0.879538429927763 3.141592653589793
0.7041228957738775 0.8072584039622953 0.0
-0.9733748318212408 0.779970772975594 3.141592653589793
-1.909488328795347 0.0020691682845138727 0.0
1.4231204049609978 0.7674300755839688 0.0
-2.9222603807115504 1.326606652667523 0.0
-0.6805906208908066 0.6737662961060946 3.141592653589793
2.838013987050617 0.519224907189134 3.141592653589793
0.6565682454338672 1.0708712208198328 0.0
-0.7361690967702945 0.21653136189367575 0.0
-2.848209067539179 2.254220335052687 3.141592653589793
2.448654688363311 2.2365286108539406 3.141592653589793
1.6317671252082468 0.05051154248816708 0.0
-0.8856353266342902 1.5480258120085681 0.0
1.9504101064198234 0.04217576636666575 3.141592653589793
2.14357833807998 0.8301433871728101 0.0
-2.144369714266178 0.01096293080430679 0.0
0.22699492985767392 1.2483403676265794 0.0
-1.6730052082041864 1.7067807795175525 0.0
-3.0663282956451656 1.995158086383095 3.141592653589793
-2.163792654365616 0.5304361152957524 0.0
-2.3192269918968034 1.7478674811203234 0.0
-0.4218200491571475 1.0842117587579307 3.141592653589793
-0.8267604125844339 0.6651315481112899 0.0
-1.4732052933331772 0.29731269075899447 3.141592653589793
-1.6432658048815123 2.1138019628858054 0.0
-1.1230502999817071 0.7727617227602277 3.141592653589793
1.4625864205313923 0.08513972516242728 0.0
-1.278797975543056 1.524997425804636 3.141592653589793
0.5414699220170749 0.33998848109754537 3.141592653589793
-2.9773619065577965 0.5419447903321388 3.141592653589793
-2.3976272725419334 1.0606804762280413 3.141592653589793
2.9483914925322217 0.1664442985872672 0.0
1.3132870596539823 0.19942142234582372 0.0
-2.9181500959752062 0.23311531705798957 0.0
-1.1002713023337782 1.25075614011363 0.0
-0.4916081467206205 0.9604262060165583 3.141592653589793
-1.1540175515228732 0.6771293394091877 0.0
-0.6567949911315394 2.4977909439092207 3.141592653589793
0.5033981439549794 1.6362773517272913 3.141592653589793
2.5561862310238106 1.119777816627569 0.0
0.6048826316494975 0.252345270637185 3.141592653589793
2.897927478065787 0.4805250898220449 3.141592653589793
1.2798466268040758 0.46706120670312923 3.141592653589793
-0.7900247605933695 1.2314396175231588 0.0
-2.381269041964936 0.9666832559009064 3.141592653589793
-1.2094705552566491 1.672464683135736 0.0
0.05486686391233919 1.0786036644265862 3.141592653589793
0.5472506034848651 2.486107626187823 0.0
3.022694773133865 1.201434801914326 0.0
-2.916335642425994 2.3613473488861962 3.141592653589793
-3.0349607347206726 0.1023617502263823 3.141592653589793
-1.9084973205825317 0.5003865862550911 3.141592653589793
0.4569865141143435 0.09662119596971644 0.0
-0.09065202310075378 0.010662328947736567 0.0
-0.2935856559613007 2.23210956990847 3.141592653589793
2.8583533941132493 0.5930257834840025 3.141592653589793
-3.051207722837856 0.16011582490446527 0.0
2.5592178991188947 0.5640069121550044 0.0
-2.0657141455090238 2.5250169435026733 3.141592653589793
0.4244236194955546 1.6860816234981406 0.0
2.6290283267088896 1.2129424557185322 0.0
-2.587058093299283 1.1869673378944485 0.0
-0.7801083474998435 1.2694694152278543 3.141592653589793
2.0120096222541624 0.8968278812293321 0.0
-0.3209414049786262 1.8151332561761144 3.141592653589793
2.1777533996417686 1.7199563584400301 0.0
-2.949413969356563 0.38280472907602836 3.141592653589793
-2.8624962616234835 0.844014620055075 3.141592653589793
3.124869274485745 1.7922887513902326 3.141592653589793
2.546149132538793 0.690625630386307 3.141592653589793
-0.2487918226248164 1.0709089870717068 3.141592653589793
2.949022300469425 1.8862223000038114 3.141592653589793
-2.4602479503652335 0.8872305621613336 3.141592653589793
2.3439650716419935 0.3818607548152776 3.141592653589793
1.6140967038063383 1.1722283148358055 3.141592653589793
2.8687364022941804 2.5963076120209694 0.0
-1.5917348600104757 0.19933951585654192 3.141592653589793
-2.9220394698762004 0.9020283864014198 0.0
-2.4360840584641585 0.40174918156609435 3.141592653589793
-1.4366338761438286 1.8460895827835047 0.0
1.814425776485307 0.5011806051339824 3.141592653589793
1.975665215977421 0.7211471866093755 3.141592653589793
-2.540498526111202 1.207898399146348 3.141592653589793
0.15910267428378214 0.6672676099914812 3.141592653589793
-1.533612806645278 1.763789164116037 3.141592653589793
-2.825003487554436 0.14969032260677545 0.0
0.6922496693093252 0.7694929366325215 3.141592653589793
-1.5175917679347233 0.13479173692457844 3.141592653589793
1.2381275071369122 0.2998676011625229 3.141592653589793
-0.2163631221803982 0.54257538254544 3.141592653589793
0.19325917008758223 1.8704846880379544 3.141592653589793
0.8241913300939988 1.9327980919883438 3.141592653589793
0.9670913040979184 0.6511309532374104 0.0
-1.922869742663675 0.20927005725575867 3.141592653589793
-0.3281522438124809 0.4281296451923784 0.0
-1.9713620947777069 0.30445144704359167 0.0
-1.8784489985692088 0.7100971216858158 0.0
0.122753879169625 1.226315121334669 0.0
-1.5109526762913206 0.391069512377256 3.141592653589793
0.7532414631660179 0.2374295638624121 0.0
0.8088189124569128 1.4989258959703786 3.141592653589793
-1.9425469184132842 0.9573729584731063 3.141592653589793
1.5934985978760714 0.44146791283869485 3.141592653589793
0.00901296465651742 1.0347717359369326 0.0
-1.2802859289663362 2.0789884515043697 0.0
1.8301528112090475 2.154252610787368 3.141592653589793
-2.7032373852114713 2.6546926539378006 3.141592653589793
-2.8810352612810117 0.4623211919312933 0.0
-2.668322175674941 0.703781396044605 3.141592653589793
-0.1974104347589134 2.7260250524658187 0.0
0.8104241760172213 1.1438240890441675 0.0
0.8584679755690496 0.54857570737769 0.0
1.6084864453612322 0.4821852610922004 3.141592653589793
0.9448031225804122 0.8805169899146368 0.0
-2.5522752716025705 1.519916172026476 0.0
-0.9609407828609432 2.3072771632916673 3.141592653589793
2.242010494270693 0.317902342202341 3.141592653589793
-3.112198937090334 1.3663032970104751 3.141592653589793
2.217178055174891 0.6951709034032295 0.0
-1.2516752216324778 1.5709936364066612 0.0
1.7217545968321781 1.6737160353737424 3.141592653589793
-2.3083162420566996 2.531975377973853 0.0
-1.4663606483015548 1.2359759228467126 0.0
0.1029811603361577 1.3934809383860736 0.0
2.564215352654745 0.08265197905089579 0.0
-1.2785581904845074 2.245820148708752 3.141592653589793
1.0794412255816395 1.9608806960073404 3.141592653589793
2.7060591928218907 0.48357833617532214 0.0
0.431622165718501 1.5412560925020806 0.0
-2.239264445191546 3.051579442165954 3.141592653589793
0.9182943707164951 1.4772487141179527 0.0
-0.8225318684367066 2.423749234970592 0.0
-1.661816257456649 1.1971236110515595 0.0
-2.82703505657692 2.4263479677088204 3.141592653589793
-2.755269310490282 0.5154565755196551 3.141592653589793
2.329249951850876 0.906650027215845 0.0
1.497717330834414 0.9833208067086953 0.0
1.2831856380179847 1.5056208677790148 3.141592653589793
1.6557787059590459 0.7400969951266537 3.141592653589793
1.612905088362878 0.49862094291755055 3.141592653589793
-2.2594876094371017 2.0559597280624913 3.141592653589793
-2.7919215539918754 1.4078264993589071 0.0
-0.20273837259977526 0.9653760807226974 3.141592653589793
2.7349303058107726 1.9847895241379636 3.141592653589793
-0.8280921020176645 1.3340683264341158 0.0
0.6592173055957217 0.428564503752635 0.0
-1.278907188038933 1.358183557993336 3.141592653589793
-1.314817599528262 1.4756693079293086 0.0
-1.0728011787384633 0.2704496175623961 3.141592653589793
1.7817618965218476 0.27502764392377765 3.141592653589793
2.3355956029378997 1.117826121400177 3.141592653589793
0.12635018148255933 0.05479365793454003 3.141592653589793
-2.2720355669016308 0.715238855756673 0.0
-0.6363889711335657 1.766375756862288 3.141592653589793
1.2292586618979078 1.5045133894381768 0.0
0.03595973756896718 0.3821074925826325 3.141592653589793
-2.519584156948538 1.2369507328919398 3.141592653589793
-0.20975857672317275 1.9416846037487243 0.0
2.038642536888515 1.23132885313588 3.141592653589793
-1.309727855204451 1.1818944628304873 3.141592653589793
0.7233203263219573 1.8458974401224977 3.141592653589793
2.1372909656960957 1.5677872649467 3.141592653589793
2.670121660144535 1.2343060952879674 0.0
0.45572448460145487 0.2816567177137273 0.0
1.872362771566076 1.3440014500860518 0.0
-2.6016607043477715 1.2558906523880644 3.141592653589793
2.5584586257741138 0.7028828693904899 0.0
-2.018947377910974 1.4095730436618277 3.141592653589793
-0.43888503143956503 2.509474664762919 0.0
2.368998069505731 0.5209692691262712 3.141592653589793
-3.060659491004045 1.2613425500081425 3.141592653589793
-2.1668958043123694 2.3618901875259244 3.141592653589793
0.9920138650685365 1.383013014116247 0.0
-1.151255292896823 0.5127287881294325 3.141592653589793
-1.2286783948654365 0.7328414180418753 3.141592653589793
-2.6793730627016394 0.17994023154040809 0.0
0.11862724637338252 1.3386024695525003 3.141592653589793
0.8147542504683134 3.088846034140683 0.0
